[gd_scene load_steps=4 format=3 uid="uid://btndkaubpy51w"]

[ext_resource type="PackedScene" path="res://src/characters/sid/Sid.tscn" id="1_p3mek"]
[ext_resource type="Material" uid="uid://ct4efbks6uwuq" path="res://assets/materials/dummy_floor.tres" id="4_p8tq7"]
[ext_resource type="Script" path="res://src/camera/CameraPivot.gd" id="5"]

[node name="Main" type="Node3D"]

[node name="Sid" parent="." instance=ExtResource("1_p3mek")]
transform = Transform3D(1, 0, 0, 0, 1, 0, 0, 0, 1, 0, -0.516771, -1.1)
camera_path = NodePath("../CameraPivot/Camera3D")

[node name="Floor" type="CSGBox3D" parent="."]
transform = Transform3D(1, 0, 0, 0, 1, 0, 0, 0, 1, 0, -1, 0)
use_collision = true
size = Vector3(9, 1, 9)
material = ExtResource("4_p8tq7")

[node name="CameraPivot" type="Node3D" parent="."]
script = ExtResource("5")
character_to_follow_path = NodePath("../Sid")

[node name="Camera3D" type="Camera3D" parent="CameraPivot"]
transform = Transform3D(0.707107, 0.353553, -0.612373, 0, 0.866026, 0.499999, 0.707107, -0.353553, 0.612373, -4.7649, 3.95255, 4.7649)
projection = 1
current = true
size = 8.0

[node name="Floor2" type="CSGBox3D" parent="."]
transform = Transform3D(1, 0, 0, 0, 0.993399, -0.114712, 0, 0.114712, 0.993399, 0, 0.986447, -4.26106)
use_collision = true
material = ExtResource("4_p8tq7")

[node name="DirectionalLight3D" type="DirectionalLight3D" parent="."]
transform = Transform3D(0.363147, -0.86934, 0.33522, -0.678288, -5.23335e-08, 0.734796, -0.638788, -0.494215, -0.589663, 13.131, 10.2592, -8.83464)
shadow_enabled = true
